1743791334539 3.945634603500366 10
1743791335632 3.937429666519165 10
1743791336066 3.929844617843628 21
1743791336350 3.8139374256134033 21
1743791336781 3.877359390258789 32
1743791337040 3.6892807483673096 32
1743791337461 3.7667219638824463 43
1743791337736 3.5802130699157715 43
1743791338143 3.621769905090332 54
1743791338439 3.4552793502807617 54
1743791338872 3.4890494346618652 65
1743791339156 3.315000295639038 65
1743791339570 3.3731529712677 76
1743791339827 3.2055137157440186 76
1743791340244 3.26202130317688 87
1743791340520 3.0830612182617188 87
1743791340922 3.147040605545044 98
1743791341147 2.9586663246154785 98
1743791341561 3.037388563156128 109
1743791341825 2.802499294281006 109
